2,1.0,1.0,0.9998;
2,10.0,1.0,0.9993;
2,20.0,1.0,0.9997;
2,5.0,1.0,0.9985;
2,0.5,1.0,0.9997;
2,0.0,1.0,0.9995;
2,40.0,1.0,0.9993;
2,20.0,1.0,0.9992;
2,10.0,1.0,0.9988;
2,1.0,1.0,0.9991;
2,5.0,1.0,0.9988;
2,0.5,1.0,0.999;
2,0.0,1.0,0.9994;
2,40.0,1.0,0.9993;
2,0.0,1.0,0.9986;
2,0.5,1.0,0.9987333333333334;
2,1.0,1.0,0.9990666666666667;
2,0.5,1.0,0.9995;
2,0.0,1.0,0.9989;
2,1.0,1.0,0.9993;
2,2.0,1.0,0.9988;
2,10.0,1.0,0.999;
2,5.0,1.0,0.9992;
2,20.0,1.0,0.999;
2,40.0,1.0,0.9988;
3,0.5,1.0,0.9958;
3,5.0,1.0,0.9954;
3,0.0,1.0,0.9948;
3,2.0,1.0,0.995;
3,1.0,1.0,0.9949;
3,10.0,1.0,0.9956;
3,20.0,1.0,0.9941;
3,40.0,1.0,0.9917;
3,0.0,1.0,1.0;
3,0.0,1.0,0.9994;
3,0.0,1.0,0.9993;
3,0.0,1.0,0.9993;
3,0.0,1.0,0.9992;
3,0.0,1.0,0.9985;
3,0.0,1.0,0.9981;
3,40.0,1.0,0.999;
3,40.0,1.0,0.998;
3,40.0,1.0,0.9995793016407236;
3,20.0,1.0,0.9995793016407236;
3,10.0,1.0,0.9991586032814472;
3,40.0,1.0,0.9873417721518988;
3,40.0,1.0,0.9927652056868849;
3,20.0,1.0,0.993858837385379;
3,10.0,1.0,0.9944477159922605;
3,5.0,1.0,0.9951627828720451;
3,2.0,1.0,0.9943215277193573;
3,1.0,1.0,0.994069151173551;
3,0.5,1.0,0.9945318415075293;
3,0.0,1.0,0.9943635904769916;
3,0.5,1.0,0.9992849331202154;
3,0.0,1.0,0.9990746193320434;
3,0.5,1.0,0.9994952469083873;
3,0.5,1.0,0.994615967022798;
3,40.0,1.0,0.9921763270800034;
3,2.0,1.0,0.9949104063262387;
3,10.0,1.0,0.9952889711449483;
3,5.0,1.0,0.9954151594178514;
3,10.0,1.0,0.9984016152098931;
3,10.0,1.0,0.9957805907172996;
3,10.0,1.0,1.0;
3,10.0,1.0,0.996905420021632;
3,10.0,1.0,0.9964510108047004;
3,5.0,1.0,0.9964510108047004;
